3
6
13891 1232
10227 4917
6093 2194
3042 5207
6283 7754
14129 7744
2520 6063 27 243 24 4
4099 6824 115 326 62 4
4869 7584 412 342 342 4
3248 2270 -235 185 75 3

2488 5777 -59 245 28 4
3963 6440 136 384 80 4
4384 7181 390 433 0 4
3526 2052 -304 122 92 3


----
3
4
3450 7237
9412 7224
5968 4229
14661 1389
5358 6834 526 -10 41 1
5382 7861 540 150 31 1
4959 6112 596 148 14 1
3978 8605 211 -52 346 1


----
4097 6790 550 44 5 1
4099 7681 550 -47 355 1
3544 5761 82 20 14 1
3550 8712 82 -20 346 1

OPTION:
no record

----
seems wrong rotate
5358 6834 526 -10 41 1
5382 7861 540 150 31 1
4959 6112 596 148 14 1
3978 8605 211 -52 346 1

early-pivot
5903 6858 464 24 23 1
5987 8087 514 191 49 1
5465 5941 412 -179 14 1
4286 8528 261 -65 346 1

for normal test
8228 7200 121 9 77 1
10074 6587 292 -50 247 2
8480 6277 58 -11 63 1
7457 8334 100 138 315 1


OPTION:
seed=628326953
pod_per_player=2
pod_timeout=100
map=3450 7237 9412 7224 5968 4229 14661 1389

ABEND PATTERN:
seed=269533130
pod_per_player=2
pod_timeout=100
map=13891 1232 10227 4917 6093 2194 3042 5207 6283 7754 14129 7744



seed=845773530
pod_per_player=2
pod_timeout=100
map=6306 4297 7815 838 7688 5973 3123 7525 9509 4353 14528 7801


